9
0.416045 -0.368057 -0.328591 0.0263771 0.202294 -0.389358 -0.361937 0.0991996 0.203582 
0.0566826 -0.0307611 -0.0192005 -0.0619322 -0.0666514 -0.0311969 -0.0242948 0.0560384 0.0485231 
-0.0307611 0.0288552 0.0181403 0.0553001 0.0632693 0.0204498 0.0144177 -0.0343161 -0.0310637 
-0.0192005 0.0181403 0.0153853 0.0440526 0.052906 0.0098523 0.00913335 -0.021912 -0.017718 
-0.0619322 0.0553001 0.0440526 0.134254 0.160679 0.0348836 0.0285593 -0.0671571 -0.0573268 
-0.0666514 0.0632693 0.052906 0.160679 0.197875 0.0405702 0.0342214 -0.0791149 -0.0676549 
-0.0311969 0.0204498 0.0098523 0.0348836 0.0405702 0.0584662 0.0456945 -0.100004 -0.0913242 
-0.0242948 0.0144177 0.00913335 0.0285593 0.0342214 0.0456945 0.0413672 -0.0865659 -0.0744661 
0.0560384 -0.0343161 -0.021912 -0.0671571 -0.0791149 -0.100004 -0.0865659 0.195837 0.168126 
0.0485231 -0.0310637 -0.017718 -0.0573268 -0.0676549 -0.0913242 -0.0744661 0.168126 0.15032 
