9
-0.0617373 -0.251336 -0.252364 0.107894 0.147177 -0.285339 -0.27017 0.0218178 0.0718267 
0.725827 -0.191474 -0.144326 -0.342424 -0.296807 -0.218409 -0.180246 0.265805 0.291231 
-0.191474 0.101445 0.0717698 0.165854 0.157403 0.0640249 0.0516718 -0.0774416 -0.0837909 
-0.144326 0.0717698 0.059018 0.124412 0.12594 0.0453538 0.0387094 -0.0563524 -0.0590043 
-0.342424 0.165854 0.124412 0.32469 0.315938 0.121003 0.100549 -0.169407 -0.176647 
-0.296807 0.157403 0.12594 0.315938 0.337574 0.108232 0.0920808 -0.160871 -0.161286 
-0.218409 0.0640249 0.0453538 0.121003 0.108232 0.101981 0.0792566 -0.120569 -0.129621 
-0.180246 0.0516718 0.0387094 0.100549 0.0920808 0.0792566 0.0679405 -0.103228 -0.105244 
0.265805 -0.0774416 -0.0563524 -0.169407 -0.160871 -0.120569 -0.103228 0.184891 0.182301 
0.291231 -0.0837909 -0.0590043 -0.176647 -0.161286 -0.129621 -0.105244 0.182301 0.194197 
