9
0.64044 -0.596557 -0.514421 -0.551763 -0.528642 -0.5092 -0.449165 0.333 0.401493 
0.098795 -0.0569157 -0.0408246 -0.128748 -0.136062 -0.0535143 -0.0491534 0.100723 0.0923497 
-0.0569157 0.0474527 0.0375766 0.108984 0.118519 0.0335932 0.0360276 -0.0655626 -0.0574469 
-0.0408246 0.0375766 0.0346722 0.0925763 0.10748 0.0292712 0.0332388 -0.0586206 -0.0505051 
-0.128748 0.108984 0.0925763 0.27987 0.316745 0.07019 0.0718827 -0.140491 -0.125885 
-0.136062 0.118519 0.10748 0.316745 0.375406 0.0767237 0.078976 -0.156055 -0.139669 
-0.0535143 0.0335932 0.0292712 0.07019 0.0767237 0.0596153 0.0618731 -0.108514 -0.0937067 
-0.0491534 0.0360276 0.0332388 0.0718827 0.078976 0.0618731 0.0716234 -0.119605 -0.0994835 
0.100723 -0.0655626 -0.0586206 -0.140491 -0.156055 -0.108514 -0.119605 0.21406 0.180888 
0.0923497 -0.0574469 -0.0505051 -0.125885 -0.139669 -0.0937067 -0.0994835 0.180888 0.155664 
