9
-0.0721241 -0.264159 -0.268923 0.182524 0.24153 -0.257031 -0.233832 -0.0750566 0.000225247 
0.636697 -0.125127 -0.0729942 -0.230976 -0.172316 -0.132846 -0.0962336 0.171686 0.200305 
-0.125127 0.0579684 0.0359743 0.103468 0.0923894 0.037658 0.0289078 -0.0453744 -0.0525901 
-0.0729942 0.0359743 0.0295854 0.073444 0.0721629 0.0200851 0.0179604 -0.0269877 -0.0296914 
-0.230976 0.103468 0.073444 0.217959 0.209844 0.0684403 0.053678 -0.0945269 -0.102023 
-0.172316 0.0923894 0.0721629 0.209844 0.224828 0.056637 0.0469559 -0.0854846 -0.0880332 
-0.132846 0.037658 0.0200851 0.0684403 0.056637 0.075034 0.0603841 -0.0939831 -0.100685 
-0.0962336 0.0289078 0.0179604 0.053678 0.0469559 0.0603841 0.0651155 -0.0852564 -0.0871508 
0.171686 -0.0453744 -0.0269877 -0.0945269 -0.0854846 -0.0939831 -0.0852564 0.155927 0.148972 
0.200305 -0.0525901 -0.0296914 -0.102023 -0.0880332 -0.100685 -0.0871508 0.148972 0.153671 
