9
-0.582099 0.461497 0.407162 0.822097 0.748005 0.0849396 0.0373951 -0.320764 -0.200402 
0.440289 -0.141092 -0.130947 -0.1608 -0.101601 -0.119243 -0.069377 0.00774526 0.0401558 
-0.141092 0.159509 0.139002 0.14406 0.0936752 0.0651667 0.065727 -0.0184739 -0.0354021 
-0.130947 0.139002 0.158014 0.137023 0.103921 0.0627822 0.062682 -0.0159998 -0.0340029 
-0.1608 0.14406 0.137023 0.167499 0.102972 0.0761967 0.0708009 -0.0190635 -0.0406417 
-0.101601 0.0936752 0.103921 0.102972 0.0913469 0.058411 0.0567673 -0.0150292 -0.0318132 
-0.119243 0.0651667 0.0627822 0.0761967 0.058411 0.100224 0.0701328 -0.0189602 -0.0430562 
-0.069377 0.065727 0.062682 0.0708009 0.0567673 0.0701328 0.0796675 -0.0212117 -0.0377049 
0.00774526 -0.0184739 -0.0159998 -0.0190635 -0.0150292 -0.0189602 -0.0212117 0.00866636 0.0122637 
0.0401558 -0.0354021 -0.0340029 -0.0406417 -0.0318132 -0.0430562 -0.0377049 0.0122637 0.028891 
