9
-0.797991 1.16682 1.10084 0.955986 0.967899 1.14992 1.06429 -0.519944 -0.657485 
0.968698 -0.74971 -0.615768 -0.835019 -0.71763 -0.938019 -0.632542 0.4469 0.659446 
-0.74971 1.41141 1.36123 0.953204 0.898209 0.621681 0.483602 -0.312371 -0.447971 
-0.615768 1.36123 1.91774 0.9187 1.03732 0.547137 0.602492 -0.288392 -0.351143 
-0.835019 0.953204 0.9187 1.7148 1.52573 0.721359 0.412826 -0.275526 -0.430993 
-0.71763 0.898209 1.03732 1.52573 1.5607 0.642913 0.428018 -0.256204 -0.373871 
-0.938019 0.621681 0.547137 0.721359 0.642913 1.7101 1.49318 -0.765567 -1.06138 
-0.632542 0.483602 0.602492 0.412826 0.428018 1.49318 1.91619 -0.788749 -0.917467 
0.4469 -0.312371 -0.288392 -0.275526 -0.256204 -0.765567 -0.788749 0.519824 0.656243 
0.659446 -0.447971 -0.351143 -0.430993 -0.373871 -1.06138 -0.917467 0.656243 1.04105 
