9
0.526111 -0.396395 -0.374834 -0.197141 -0.169124 -0.38657 -0.324949 0.161113 0.269078 
0.095424 -0.0883204 -0.0555763 -0.170003 -0.157382 -0.0774273 -0.0783409 0.101964 0.0921525 
-0.0883204 0.118401 0.0756563 0.208524 0.206176 0.0651561 0.070103 -0.0779094 -0.0719114 
-0.0555763 0.0756563 0.0590208 0.148196 0.160448 0.0394084 0.0421643 -0.0545296 -0.047771 
-0.170003 0.208524 0.148196 0.425591 0.432845 0.107262 0.114106 -0.152841 -0.135251 
-0.157382 0.206176 0.160448 0.432845 0.474573 0.0973321 0.100323 -0.143526 -0.125819 
-0.0774273 0.0651561 0.0394084 0.107262 0.0973321 0.129199 0.13237 -0.157775 -0.141774 
-0.0783409 0.070103 0.0421643 0.114106 0.100323 0.13237 0.145797 -0.167505 -0.146969 
0.101964 -0.0779094 -0.0545296 -0.152841 -0.143526 -0.157775 -0.167505 0.248504 0.204591 
0.0921525 -0.0719114 -0.047771 -0.135251 -0.125819 -0.141774 -0.146969 0.204591 0.175535 
