9
-1.80886 2.56507 2.6141 1.20978 1.47194 2.59136 2.87876 -2.30732 -2.69638 
0.178846 -0.050751 -0.0180186 -0.0452663 -0.0315468 -0.0118554 0.177555 -0.17625 -0.0664023 
-0.050751 0.13525 0.045089 0.012707 -0.00394406 0.0524096 0.000344384 0.0286836 -0.0108445 
-0.0180186 0.045089 0.962816 0.0886987 0.161178 0.0434821 0.0498598 0.0921428 0.154574 
-0.0452663 0.012707 0.0886987 0.209965 0.185656 0.0231028 0.0180323 0.0086518 -0.000363244 
-0.0315468 -0.00394406 0.161178 0.185656 0.21315 0.0142853 -0.0286586 0.0302814 0.0268729 
-0.0118554 0.0524096 0.0434821 0.0231028 0.0142853 0.089378 -0.0329964 -0.0242614 -0.129804 
0.177555 0.000344384 0.0498598 0.0180323 -0.0286586 -0.0329964 1.11574 -0.633849 -0.196773 
-0.17625 0.0286836 0.0921428 0.0086518 0.0302814 -0.0242614 -0.633849 1.1252 0.853885 
-0.0664023 -0.0108445 0.154574 -0.000363244 0.0268729 -0.129804 -0.196773 0.853885 1.72553 
