9
-0.922384 0.739853 0.517865 0.586201 0.641043 0.79516 0.479663 -0.458777 -0.626661 
0.639151 -0.291312 -0.246508 -0.110288 -0.108577 -0.332023 -0.2125 0.0766207 0.285305 
-0.291312 0.603597 0.483131 0.0939878 0.11381 0.296619 0.246383 -0.087885 -0.275859 
-0.246508 0.483131 0.450595 0.0917483 0.110462 0.234053 0.204557 -0.0665109 -0.205406 
-0.110288 0.0939878 0.0917483 0.0841789 0.0402413 -0.00432891 0.0139906 0.00270316 -0.00250426 
-0.108577 0.11381 0.110462 0.0402413 0.0492135 0.0354826 0.0351639 -0.0097731 -0.0433941 
-0.332023 0.296619 0.234053 -0.00432891 0.0354826 0.824811 0.529863 -0.176685 -0.515321 
-0.2125 0.246383 0.204557 0.0139906 0.0351639 0.529863 0.400404 -0.129671 -0.337327 
0.0766207 -0.087885 -0.0665109 0.00270316 -0.0097731 -0.176685 -0.129671 0.0561359 0.113265 
0.285305 -0.275859 -0.205406 -0.00250426 -0.0433941 -0.515321 -0.337327 0.113265 0.556779 
