7
2.93156 2.93455 0.403342 -0.435984 -1.48454 -0.402843 -0.144659 
0.600454 0.6519 -0.360283 -0.108234 -0.0829167 0.160431 -0.174372 
0.6519 1.63946 -0.544058 0.165371 -0.130821 -0.0237901 -0.0730984 
-0.360283 -0.544058 8.3847 4.54844 0.175826 -1.43496 0.186353 
-0.108234 0.165371 4.54844 10.287 -0.023695 -0.71316 1.04024 
-0.0829167 -0.130821 0.175826 -0.023695 0.195854 0.263772 -0.0694726 
0.160431 -0.0237901 -1.43496 -0.71316 0.263772 2.65219 -0.105384 
-0.174372 -0.0730984 0.186353 1.04024 -0.0694726 -0.105384 0.91489 
