7
-0.171988 0.192326 0.0129252 0.0624806 -0.0429894 -1.1995 -0.13535 
0.0937144 0.121118 0.060297 0.0137064 -0.138225 -0.0732427 -0.049284 
0.121118 0.299403 0.0301657 0.0520984 -0.230766 -0.265181 -0.0804643 
0.060297 0.0301657 1.44099 0.0340279 -0.131378 -0.0221658 -0.209851 
0.0137064 0.0520984 0.0340279 0.19126 -0.00986831 -0.0535538 -0.233276 
-0.138225 -0.230766 -0.131378 -0.00986831 0.474595 0.15171 0.0453165 
-0.0732427 -0.265181 -0.0221658 -0.0535538 0.15171 0.430845 0.105179 
-0.049284 -0.0804643 -0.209851 -0.233276 0.0453165 0.105179 0.731893 
