7
-0.794722 -0.331098 -0.0783186 0.0580989 1.78791 0.394202 -0.103797 
0.0107071 0.00141815 0.0020709 0.00027344 -0.0706253 -0.0292109 0.00857008 
0.00141815 0.00171189 -0.00482713 0.000320716 -0.00484648 -0.0195593 0.0111423 
0.0020709 -0.00482713 0.152199 0.0196852 -0.0327985 0.1053 -0.387521 
0.00027344 0.000320716 0.0196852 0.0313629 0.00797212 -0.00368463 -0.196056 
-0.0706253 -0.00484648 -0.0327985 0.00797212 0.493925 0.156466 -0.0466719 
-0.0292109 -0.0195593 0.1053 -0.00368463 0.156466 0.379398 -0.289007 
0.00857008 0.0111423 -0.387521 -0.196056 -0.0466719 -0.289007 2.13313 
