7
-0.406409 -0.329525 -0.0603936 -0.00404313 0.257729 0.250353 0.0132731 
0.0424243 0.016844 -0.00732866 -0.00170659 -0.105796 -0.0550392 -0.00666776 
0.016844 0.186868 0.000653877 -0.0420035 0.061446 -0.0852745 0.0401523 
-0.00732866 0.000653877 0.383621 0.0120161 0.00145091 -0.0323353 0.0978767 
-0.00170659 -0.0420035 0.0120161 0.183246 -0.015133 -0.0115538 -0.311835 
-0.105796 0.061446 0.00145091 -0.015133 0.462771 0.260899 -0.00148835 
-0.0550392 -0.0852745 -0.0323353 -0.0115538 0.260899 0.532763 -0.0815382 
-0.00666776 0.0401523 0.0978767 -0.311835 -0.00148835 -0.0815382 1.29872 
