7
-0.61756 -0.159075 -0.0750806 0.00450326 0.886463 0.0327326 0.0487751 
0.00960443 0.0193009 0.00258978 -0.0014713 -0.0209908 -0.00151625 -0.0076132 
0.0193009 0.119286 0.00200418 -0.0184909 0.0394639 -0.0175649 0.0425448 
0.00258978 0.00200418 0.0812436 0.0326385 0.00241207 -0.00702621 -0.0472632 
-0.0014713 -0.0184909 0.0326385 0.133938 -0.00437247 0.0322499 -0.212234 
-0.0209908 0.0394639 0.00241207 -0.00437247 0.168298 0.113209 0.054596 
-0.00151625 -0.0175649 -0.00702621 0.0322499 0.113209 0.662835 -0.0486649 
-0.0076132 0.0425448 -0.0472632 -0.212234 0.054596 -0.0486649 0.939254 
