7
-0.653439 -0.420298 -0.0556368 0.0214991 1.36804 1.51323 0.376849 
0.0188295 0.0151998 0.00993214 0.0202455 -0.0846362 -0.0315881 -0.0216324 
0.0151998 0.0939235 0.0213811 0.0651657 0.0118832 -0.0488107 -0.00762272 
0.00993214 0.0213811 0.0687522 0.0439698 -0.0281088 0.0245974 0.0880776 
0.0202455 0.0651657 0.0439698 0.208048 -0.0307594 7.94532e-05 -0.342715 
-0.0846362 0.0118832 -0.0281088 -0.0307594 0.504514 0.203474 0.118079 
-0.0315881 -0.0488107 0.0245974 7.94532e-05 0.203474 0.447595 0.106519 
-0.0216324 -0.00762272 0.0880776 -0.342715 0.118079 0.106519 1.73288 
